7.9808187
7.768139
7.504548
7.190225
7.0798388
8.080313
7.482133
7.513768
7.0098476
6.9290056
6.8032246
6.321565
6.166632
6.1284018
5.9115224
5.689918
5.6067367
5.3992033
5.0766625
4.9017415
4.8367233
4.864594
5.074134
4.62742
4.3436213
4.1139927
4.412524
4.0173187
3.9355264
4.0519924
3.6904466
3.5149834
3.6935923
3.4297292
3.3609092
3.4316704
3.4997444
3.2846696
3.3386712
3.1289458
3.259343
3.095343
3.1532025
3.336325
3.1388066
2.8930979
2.9542196
2.729328
2.9109352
2.6168
2.9832342
2.7850409
2.8531408
2.5690887
2.6142032
2.7033513
2.7213407
2.6586583
2.5156133
2.4066849
2.5220664
2.4583201
2.435634
2.482659
2.4191432
2.3292978
2.4650576
2.4124079
2.491398
2.3724835
2.3398821
2.2193742
2.4223769
2.166314
2.215984
2.1663897
2.1869955
2.2036288
2.2160354
2.1307073
2.1761842
2.108933
2.0098596
2.100878
2.1606598
1.9508835
2.0495195
1.9527194
2.0516877
1.9860972
1.8228085
1.8092185
1.879351
2.0017514
1.88572
1.8696321
1.809305
1.8905118
1.8273901
1.815463
1.9551276
1.605173
1.8070189
1.8177706
1.7483506
1.6977022
1.7125065
1.6390684
1.5035456
1.619736
1.6712588
1.6407462
1.5432593
1.6051211
1.507964
1.5571996
1.5106359
1.4869553
1.4144294
1.5609001
1.362453
1.4027152
1.5194012
1.4358975
1.2826868
1.2683022
1.4046208
1.3512414
